3
78 87
1 1
9 7




4
1
343
2
4 2
3
4 2 4
4
1 1 1 1


8
10 3
3 6 8
6 2
2 5
20 3
3 7 12
41 5
1 11 21 31 41
10 5
2 4 6 8 10
5 5
3 2 5 4 1
1000000000 1
1
1000000000 4
1 1000000000 10 16


6
7
1 2 3 1 2 3 1
6
4 2 2 2 4 4
1
1
5
5 4 5 3 5
6
3 3 3 1 3 3
8
1 2 3 4 4 3 2 1


4
5 8 7
01001
00101
5 7 2
01000
11011
7 8 3
0111001
0100001
5 10 1
01100
01100

1
5
1 1000000000 3 0 5
2
7 8
1
0



4
04829
9
01
314752277691991


6
6
111111
7
1101001
4
0000
4
0010
8
10010101
15
110011100101100



5
1
a
2
ba
10
codeforces
26
abcdefghijklmnopqrstuvwxyz
26
abcdefghijklmnopqrstuvwxzy

5
8 19
8 20
119 121
1 100000000000000000
1234567891011 1000000000000000000



5
5 5
1 2 3 4 5
7 4
-6 -5 -3 0
3 3
2 3 4
3 2
3 4
4 2
1 0